2531
3250
14718
26425
5716
15117
18052
17019
31277
28004
9904
12588
89
10830
24995
21282
21444
18350
13904
14815
12293
23827
26757
15397
1776
18545
13919
31665
5676
32698
2094
28978
23274
31089
21594
22051
21204
8045
2367
21971
520
13988
11444
9086
26681
16819
16634
15379
28145
16491
5757
11136
20261
21636
28635
30797
18680
30094
7640
6004
4990
4166
15158
20197
29263
24606
15303
21758
12058
12642
31463
10725
30067
20093
23130
13496
26672
26835
27097
27559
30254
12668
8720
16666
25313
28937
23854
18309
14285
19469
17548
11793
22260
494
443
2454
8210
16010
10696
19131
8326
760
26545
28383
25717
1277
18855
28656
26469
29125
4488
18541
24645
14654
22693
12268
32257
16027
7890
20439
2378
7793
26741
17683
16270
27850
2893
27596
31476
181
14894
28069
18684
1039
19426
24731
22790
2217
22870
25946
21605
2740
32163
14056
8337
31864
8511
8253
22367
1785
13137
27510
26945
1695
30861
21956
3517
24741
22360
7742
19214
22722
558
1005
6534
6596
3060
4414
26149
20045
32722
31256
15065
30036
15889
7730
13437
22113
24345
13085
30884
9012
4221
28194
27849
22692
19058
24006
22688
26772
14210
12544
26423
17554
17397
27687
20430
9420
12336
30935
18210
30924
3558
25386
18348
24299
3128
12020
2937
6644
15416
28897
13371
19868
11734
14810
3722
21205
26654
23502
29619
19226
2725
15260
30432
19524
20286
22726
4820
24566
351
26121
20415
23715
19722
15390
11347
25445
17553
27351
16593
15899
22579
15354
25322
18375
16261
8484
11930
32183
16382
2628
29525
8176
4357
11913
2183
16993
14895
20997
17204
30454
28751
16357
6128
29201
8641
20066
31222
19932
32198
10672
11316
25388
22591
24543
1086
30123
30352
16931
24946
30224
24515
24455
27654
17863
23215
31320
5988
30484
16332
18290
3153
28510
27348
29051
12199
18570
18614
104
521
25104
32316
24431
15167
27589
16794
21800
30439
9348
12253
20346
7877
22419
14306
9433
31282
18337
30105
23528
16250
15538
10243
13039
19442
22969
23652
31921
4565
9631
25155
3081
5040
29513
3365
20225
14900
5581
6418
11388
29272
17502
29191
31009
24068
19898
12132
13016
31167
15741
7350
27609
14431
19191
4110
25384
22008
2329
4450
3873
15579
3806
28164
1889
19224
916
16017
5712
23456
22217
28324
7064
25482
27358
766
26375
27955
6756
5936
7240
11759
26428
29611
11175
9175
29166
9086
7535
21924
16605
16571
30205
12986
4543
31285
5377
20061
3956
26808
20260
11611
2023
10741
30684
1543
3885
6854
10830
14111
10397
17044
29722
10340
1416
27809
12695
5124
1248
19973
1787
2833
24922
10318
1683
5086
5931
30587
7571
31842
23783
2206
14782
19515
11145
3862
24905
24659
14734
23216
19355
8685
4025
9169
18709
20562
1155
32201
1718
25907
15999
19180
8196
14298
15304
6766
1353
30288
24665
20354
9586
18278
29248
17089
32333
21265
22681
1146
10607
4368
31612
29468
12451
23669
31605
542
25339
3248
22007
8654
8994
21412
1976
15935
32040
9413
27713
25413
9972
9015
22731
27563
4393
25768
12803
20379
8631
26777
24576
7450
1533
27503
1700
17644
9090
27562
22800
6435
16879
1610
14063
32066
14408
16996
5414
25425
15386
9806
17756
30842
1904
3420
27335
32162
22492
2642
29329
32567
27169
1768
16657
12958
28700
3114
24842
7728
16678
30804
12077
8445
8318
6231
19657
3027
12416
29204
22492
6855
21833
10568
2453
26914
11498
6467
19220
29396
31402
802
31513
6809
9327
15466
20936
5278
1900
15115
12987
30584
9888
10764
31018
10027
30602
17322
9099
26830
1456
24162
19186
11134
21669
27031
6169
27058
6356
30547
15609
18647
24572
2482
22219
27005
31379
5555
586
10985
6811
934
24384
21561
15734
32296
28674
27721
32377
12689
2759
21907
8976
22844
16515
21159
7637
25558
13988
3043
16186
14768
16742
21340
762
26818
30531
15182
19813
7889
4528
30868
15113
10725
17340
12870
450
19851
18873
28657
86
25727
14505
18945
1901
28641
31534
2269
13992
17634
9569
17471
20211
32101
27866
15904
3367
16766
32367
437
3568
19193
6750
30606
19244
32030
7954
12293
27246
19984
31315
7746
31179
26464
6954
15614
1863
10626
3851
2908
6872
19954
15627
4580
22290
23336
24621
7321
25145
2943
3370
10617
14956
1606
20881
18364
744
4911
21217
156
31000
23535
3919
30049
29112
14882
22436
6972
29380
26397
27770
12661
14683
19264
8182
5509
14018
20757
72
16882
28171
1271
16116
27999
18193
9116
10245
14007
4138
2290
7515
14375
25636
30117
2079
5821
4420
27261
9424
14633
11361
30850
6451
23158
18819
3151
27967
12822
10200
10048
14098
31436
12385
9103
31325
23788
21650
15410
24679
30837
17482
5597
22668
14960
24970
3347
14121
17333
3661
18296
30874
4581
13053
31519
10411
21832
27042
22608
22335
18223
9770
26073
28519
19977
8127
10285
649
21169
8447
2140
13849
869
10289
9318
7751
13545
30790
5097
2819
23618
15370
10842
24166
21275
26287
24245
6406
21189
20038
15824
4166
16521
19928
5889
581
19402
6983
11897
28604
24290
9351
27775
25946
14933
4196
29789
21161
10314
24549
12912
19210
25775
616
19476
7295
8481
21570
4501
17023
5115
15949
4070
10992
22568
9873
25876
23765
5497
4888
20537
14185
18833
4535
71
12185
24416
4171
10311
7291
10411
21497
29667
3729
7402
7515
3883
10105
19469
25207
19805
2512
4673
18819
2360
6257
3424
27337
8273
5247
28631
24877
10738
11897
181
25580
25335
4350
2143
30740
11342
31148
87
20335
18855
13890
4096
21154
32102
29289
17042
23340
651
27719
7761
6766
9336
9865
15715
780
24194
3290
8204
17812
14613
27352
31501
29766
25625
8499
2131
28745
8088
11265
17808
20148
28154
8957
24496
31485
29860
11977
21347
716
25879
8090
13180
23394
22238
23037
23414
25818
9003
18860
13481
16997
27617
21624
10
30620
28359
10905
30990
26779
30164
621
12411
18122
23590
2436
8854
27793
8725
28374
2812
31514
19869
19117
5303
15715
8753
3822
3744
7350
24386
21892
13264
6112
18164
14728
31309
6574
24867
1939
13518
12870
32049
6164
9257
26407
5974
32379
1977
32495
16525
15680
11252
2911
23525
32540
21867
22590
6194
29459
20489
29009
20288
